0.000000	0.2135732701
1.000000	0.1939660714
2.000000	0.1724440290
3.000000	0.1520871094
4.000000	0.1328943638
5.000000	0.1113562500
6.000000	0.0964642857
7.000000	0.0797513393
8.000000	0.0683585938
9.000000	0.0555625558
10.000000	0.0462097098
11.000000	0.0383773438
12.000000	0.0303637835
13.000000	0.0244061384
14.000000	0.0204963728
15.000000	0.0161880580
16.000000	0.0125484375
17.000000	0.0105509487
18.000000	0.0079464844
19.000000	0.0067335937
20.000000	0.0055528460
21.000000	0.0044868862
22.000000	0.0035658482
23.000000	0.0026833147
24.000000	0.0022929687
25.000000	0.0016912946
26.000000	0.0013405134
27.000000	0.0011358817
28.000000	0.0009553571
29.000000	0.0004775112
30.000000	0.0005689732